12
ana        0.0000e+00  3.0191e-02  5.0742e-02  2.9236e-02  5.3547e-02  5.7016e-02  5.8826e-02  2.9611e-02  2.8914e-02  5.0326e-02  3.2026e-02  2.9912e-02
ere        3.0191e-02  0.0000e+00  5.0069e-02  1.0489e-02  5.2114e-02  5.7875e-02  5.9533e-02  1.0393e-02  9.6022e-03  5.0229e-02  3.2362e-02  9.1752e-03
gri        5.0742e-02  5.0069e-02  0.0000e+00  4.7692e-02  3.1974e-02  6.5238e-02  7.0363e-02  4.9056e-02  4.8309e-02  2.7150e-02  3.0362e-02  4.9947e-02
mel        2.9236e-02  1.0489e-02  4.7692e-02  0.0000e+00  4.9600e-02  5.5857e-02  5.7531e-02  6.2399e-03  5.5364e-03  4.7716e-02  3.1325e-02  1.0499e-02
moj        5.3547e-02  5.2114e-02  3.1974e-02  4.9600e-02  0.0000e+00  6.7558e-02  7.2606e-02  5.0892e-02  5.1130e-02  2.7043e-02  3.1094e-02  5.1454e-02
per        5.7016e-02  5.7875e-02  6.5238e-02  5.5857e-02  6.7558e-02  0.0000e+00  1.1500e-02  5.5715e-02  5.6123e-02  6.6244e-02  4.3313e-02  5.6719e-02
pse        5.8826e-02  5.9533e-02  7.0363e-02  5.7531e-02  7.2606e-02  1.1500e-02  0.0000e+00  5.7590e-02  5.7505e-02  7.1057e-02  4.5837e-02  5.8470e-02
sec        2.9611e-02  1.0393e-02  4.9056e-02  6.2399e-03  5.0892e-02  5.5715e-02  5.7590e-02  0.0000e+00  3.1064e-03  4.9628e-02  3.2149e-02  1.0384e-02
sim        2.8914e-02  9.6022e-03  4.8309e-02  5.5364e-03  5.1130e-02  5.6123e-02  5.7505e-02  3.1064e-03  0.0000e+00  4.9583e-02  3.2182e-02  1.0028e-02
vir        5.0326e-02  5.0229e-02  2.7150e-02  4.7716e-02  2.7043e-02  6.6244e-02  7.1057e-02  4.9628e-02  4.9583e-02  0.0000e+00  2.9627e-02  4.9361e-02
wil        3.2026e-02  3.2362e-02  3.0362e-02  3.1325e-02  3.1094e-02  4.3313e-02  4.5837e-02  3.2149e-02  3.2182e-02  2.9627e-02  0.0000e+00  3.1602e-02
yak        2.9912e-02  9.1752e-03  4.9947e-02  1.0499e-02  5.1454e-02  5.6719e-02  5.8470e-02  1.0384e-02  1.0028e-02  4.9361e-02  3.1602e-02  0.0000e+00
