(DW5:0.00004,(((Alg130:0.00013,(T205:0.00006,
T199:0.00008):0.00001):0.00014,(Ptr90-2:0.00051,
SD20:0.00041):0.00176):0.00012,((Biotrigo9-1:0.00006,L13-192 :0.00018):0.00006,
((((Pt-1C-BFP:0.00013,(ARCrossB10:0.00004,ARCrossB10v2:0.00004):0.00005):0.00002,
Ptr86-124:0.00012):0.00001,(((EW4-4:0.00010,(SN001C:0.00004,
CC142:0.00004):0.00007):0.00002,EW7m1:0.00012):0.00001,
((SN001A:0.00007,SN002B:0.00009):0.00002,EW306-2-1:0.00013):0.00002):0.00000):0.00001,
((((M4:0.00008,Alg215:0.00009):0.00003,V0001:0.00011):0.00001,
Ptr239:0.00011):0.00001,((Ptr134:0.00012,Ptr5213:0.00012):0.00000,
Ptr11137:0.00011):0.00000):0.00002):0.00002):0.00002):0.00008,DW7:0.00003);

