((((((((SN002B:0.00008,SN001A:0.00008):0.00003,EW306-2-1:0.00012):0.00002,
(((SN001C:0.00004,CC142:0.00004):0.00006,EW4-4:0.00010):0.00002,
EW7m1:0.00012):0.00001):0.00001,((Ptr86-124:0.00012,
Biotrigo9-1:0.00012):0.00001,(Pt-1C-BFP:0.00011,(ARCrossB10:0.00004,
ARCrossB10v2:0.00004):0.00007):0.00002):0.00001):0.00001,((DW7:0.00003,
DW5:0.00003):0.00011,(((Ptr134:0.00012,(Ptr11137:0.00011,
Ptr239:0.00011):0.00001):0.00001,Ptr5213:0.00012):0.00001,
((M4:0.00009,Alg215:0.00009):0.00002,V0001:0.00011):0.00002):0.00001):0.00001):0.00006,
L13-192 :0.00020):0.00007,(Alg130:0.00010,(T199:0.00007,
T205:0.00007):0.00004):0.00016):0.00099,(SD20:0.00046,
Ptr90-2:0.00046):0.00079);

