34
Aco_cah  0.000000  0.185634  0.194675  0.195149  0.149319  0.146504  0.197623  0.195149  0.154544  0.153976  0.188259  0.185634  0.193518  0.185997  0.195149  0.136282  0.150886  0.151862  0.147014  0.146730  0.148295  0.194675  0.172739  0.150567  0.146224  0.195872  0.143805  0.138678  0.149875  0.155933  0.194675  0.192842  0.185275  0.147648
All_bul  0.185634  0.000000  0.192842  0.190060  0.187109  0.184920  0.190682  0.189449  0.191316  0.191530  0.183706  0.181400  0.189247  0.101558  0.188454  0.189651  0.190266  0.189449  0.186734  0.185097  0.191530  0.192842  0.176516  0.188259  0.185997  0.191103  0.184569  0.191103  0.192842  0.191745  0.186548  0.189247  0.136781  0.188259
Apl_ruf  0.194675  0.192842  0.000000  0.178796  0.194675  0.193976  0.187109  0.186548  0.201997  0.199468  0.160229  0.164478  0.144013  0.195388  0.142485  0.200291  0.198402  0.200850  0.200014  0.199198  0.199198  0.000000  0.193746  0.197623  0.195629  0.187679  0.195629  0.203184  0.200569  0.197367  0.143342  0.139945  0.193291  0.199198
Cas_can  0.195149  0.190060  0.178796  0.000000  0.193746  0.196363  0.177923  0.175431  0.201707  0.198402  0.172739  0.176654  0.174122  0.190473  0.174251  0.198931  0.199740  0.197881  0.196612  0.198665  0.199198  0.178796  0.188064  0.199740  0.195149  0.178944  0.191316  0.200291  0.200569  0.200291  0.173111  0.173361  0.192620  0.200569
Cri_gam  0.149319  0.187109  0.194675  0.193746  0.000000  0.144066  0.191745  0.189247  0.150567  0.150250  0.186921  0.188064  0.190682  0.189047  0.194440  0.153418  0.150187  0.150886  0.151143  0.152194  0.150125  0.194675  0.167819  0.147128  0.144699  0.191316  0.141843  0.152530  0.154047  0.151599  0.193291  0.193291  0.187109  0.151403
Cri_gri  0.146504  0.184920  0.193976  0.196363  0.144066  0.000000  0.195149  0.191962  0.135831  0.134010  0.191530  0.191103  0.191745  0.188849  0.193066  0.150062  0.098911  0.133400  0.148954  0.148235  0.148593  0.193976  0.167396  0.131455  0.126353  0.195629  0.123439  0.149381  0.152733  0.138325  0.192620  0.192842  0.189449  0.149015
Dip_ord  0.197623  0.190682  0.187109  0.177923  0.191745  0.195149  0.000000  0.023680  0.198931  0.200291  0.184569  0.181559  0.184744  0.192399  0.187488  0.200850  0.196363  0.197623  0.196612  0.198931  0.198402  0.187109  0.198402  0.198140  0.195872  0.121075  0.193746  0.201707  0.196862  0.200569  0.184744  0.184394  0.190266  0.193746
Dip_ste  0.195149  0.189449  0.186548  0.175431  0.189247  0.191962  0.023680  0.000000  0.197623  0.197881  0.180150  0.179241  0.181881  0.191745  0.184394  0.198665  0.194911  0.194911  0.193291  0.195629  0.195388  0.186548  0.193746  0.195872  0.192842  0.120281  0.192180  0.199468  0.191745  0.196862  0.182043  0.182369  0.188454  0.190892
Ell_lut  0.154544  0.191316  0.201997  0.201707  0.150567  0.135831  0.198931  0.197623  0.000000  0.043139  0.196612  0.195629  0.196363  0.193518  0.200014  0.158735  0.140928  0.072806  0.156995  0.158252  0.157461  0.201997  0.175565  0.076532  0.135467  0.200850  0.132949  0.159976  0.161705  0.146957  0.196117  0.196612  0.191962  0.158654
Ell_tal  0.153976  0.191530  0.199468  0.198402  0.150250  0.134010  0.200291  0.197881  0.043139  0.000000  0.194440  0.196117  0.196363  0.194911  0.199198  0.157539  0.139170  0.068202  0.156384  0.157461  0.155710  0.199468  0.173739  0.071715  0.134593  0.200569  0.130960  0.157150  0.159640  0.144328  0.198140  0.196117  0.192842  0.156384
Gli_Gli  0.188259  0.183706  0.160229  0.172739  0.186921  0.191530  0.184569  0.180150  0.196612  0.194440  0.000000  0.100099  0.154473  0.189247  0.154330  0.196117  0.190892  0.191530  0.188259  0.190682  0.189651  0.160229  0.179692  0.192620  0.192842  0.180613  0.187871  0.196612  0.189651  0.193746  0.154047  0.151995  0.183876  0.189247
Gra_mur  0.185634  0.181400  0.164478  0.176654  0.188064  0.191103  0.181559  0.179241  0.195629  0.196117  0.100099  0.000000  0.159391  0.184744  0.158012  0.193518  0.194440  0.193291  0.188849  0.189247  0.190266  0.164478  0.183366  0.194675  0.190473  0.179391  0.189247  0.196612  0.192180  0.194440  0.157933  0.156460  0.184569  0.190473
Ict_tri  0.193518  0.189247  0.144013  0.174122  0.190682  0.191745  0.184744  0.181881  0.196363  0.196363  0.154473  0.159391  0.000000  0.192399  0.038771  0.198140  0.195388  0.196117  0.194207  0.192620  0.194440  0.144013  0.187679  0.195388  0.193291  0.181881  0.192842  0.201707  0.195388  0.195872  0.027203  0.108281  0.190060  0.193291
Jac_jac  0.185997  0.101558  0.195388  0.190473  0.189047  0.188849  0.192399  0.191745  0.193518  0.194911  0.189247  0.184744  0.192399  0.000000  0.190682  0.192620  0.192399  0.190892  0.186921  0.188849  0.189449  0.195388  0.178944  0.191316  0.187488  0.193291  0.186921  0.194440  0.195872  0.192399  0.189247  0.191103  0.139306  0.189247
Mar_mar  0.195149  0.188454  0.142485  0.174251  0.194440  0.193066  0.187488  0.184394  0.200014  0.199198  0.154330  0.158012  0.038771  0.190682  0.000000  0.198402  0.197881  0.196612  0.197881  0.198402  0.197114  0.142485  0.187488  0.197114  0.196117  0.184221  0.192842  0.200850  0.198140  0.201133  0.035961  0.105387  0.191103  0.197881
Mer_ung  0.136282  0.189651  0.200291  0.198931  0.153418  0.150062  0.200850  0.198665  0.158735  0.157539  0.196117  0.193518  0.198140  0.192620  0.198402  0.000000  0.155488  0.158252  0.149565  0.150950  0.148653  0.200291  0.176378  0.155933  0.152868  0.198140  0.148954  0.042648  0.152395  0.160314  0.197623  0.198140  0.194911  0.149381
Mes_aur  0.150886  0.190266  0.198402  0.199740  0.150187  0.098911  0.196363  0.194911  0.140928  0.139170  0.190892  0.194440  0.195388  0.192399  0.197881  0.155488  0.000000  0.137716  0.152665  0.153073  0.152733  0.198402  0.171292  0.135710  0.132176  0.198140  0.130611  0.153766  0.156460  0.141990  0.196862  0.193066  0.191745  0.153280
Mic_och  0.151862  0.189449  0.200850  0.197881  0.150886  0.133400  0.197623  0.194911  0.072806  0.068202  0.191530  0.193291  0.196117  0.190892  0.196612  0.158252  0.137716  0.000000  0.153766  0.154401  0.154188  0.200850  0.172129  0.078194  0.134049  0.195629  0.131958  0.157854  0.157854  0.145453  0.196363  0.199468  0.190266  0.154544
Mus_car  0.147014  0.186734  0.200014  0.196612  0.151143  0.148954  0.196612  0.193291  0.156995  0.156384  0.188259  0.188849  0.194207  0.186921  0.197881  0.149565  0.152665  0.153766  0.000000  0.073814  0.042143  0.200014  0.173111  0.153836  0.150125  0.194911  0.146617  0.148117  0.120105  0.158493  0.193976  0.193746  0.190060  0.041633
Mus_pah  0.146730  0.185097  0.199198  0.198665  0.152194  0.148235  0.198931  0.195629  0.158252  0.157461  0.190682  0.189247  0.192620  0.188849  0.198402  0.150950  0.153073  0.154401  0.073814  0.000000  0.074499  0.199198  0.172986  0.152194  0.149937  0.195629  0.147301  0.149875  0.121888  0.157854  0.193746  0.195388  0.188064  0.073882
Mus_spr  0.148295  0.191530  0.199198  0.199198  0.150125  0.148593  0.198402  0.195388  0.157461  0.155710  0.189651  0.190266  0.194440  0.189449  0.197114  0.148653  0.152733  0.154188  0.042143  0.074499  0.000000  0.199198  0.172616  0.152665  0.149503  0.195629  0.147186  0.148533  0.121335  0.157150  0.195872  0.195388  0.190060  0.021140
Mus_ave  0.194675  0.192842  0.000000  0.178796  0.194675  0.193976  0.187109  0.186548  0.201997  0.199468  0.160229  0.164478  0.144013  0.195388  0.142485  0.200291  0.198402  0.200850  0.200014  0.199198  0.199198  0.000000  0.193746  0.197623  0.195629  0.187679  0.195629  0.203184  0.200569  0.197367  0.143342  0.139945  0.193291  0.199198
Nan_gal  0.172739  0.176516  0.193746  0.188064  0.167819  0.167396  0.198402  0.193746  0.175565  0.173739  0.179692  0.183366  0.187679  0.178944  0.187488  0.176378  0.171292  0.172129  0.173111  0.172986  0.172616  0.193746  0.000000  0.172986  0.167186  0.195872  0.167501  0.176516  0.175699  0.175699  0.187109  0.188454  0.180150  0.173111
Ond_zib  0.150567  0.188259  0.197623  0.199740  0.147128  0.131455  0.198140  0.195872  0.076532  0.071715  0.192620  0.194675  0.195388  0.191316  0.197114  0.155933  0.135710  0.078194  0.153836  0.152194  0.152665  0.197623  0.172986  0.000000  0.129822  0.199740  0.128657  0.156008  0.156995  0.142385  0.195149  0.195629  0.190473  0.154117
Ony_tor  0.146224  0.185997  0.195629  0.195149  0.144699  0.126353  0.195872  0.192842  0.135467  0.134593  0.192842  0.190473  0.193291  0.187488  0.196117  0.152868  0.132176  0.134049  0.150125  0.149937  0.149503  0.195629  0.167186  0.129822  0.000000  0.196363  0.075835  0.150886  0.153211  0.136077  0.193976  0.192180  0.189247  0.148773
Per_lon  0.195872  0.191103  0.187679  0.178944  0.191316  0.195629  0.121075  0.120281  0.200850  0.200569  0.180613  0.179391  0.181881  0.193291  0.184221  0.198140  0.198140  0.195629  0.194911  0.195629  0.195629  0.187679  0.195872  0.199740  0.196363  0.000000  0.195629  0.199740  0.193291  0.200569  0.182043  0.182698  0.190892  0.193518
Per_man  0.143805  0.184569  0.195629  0.191316  0.141843  0.123439  0.193746  0.192180  0.132949  0.130960  0.187871  0.189247  0.192842  0.186921  0.192842  0.148954  0.130611  0.131958  0.146617  0.147301  0.147186  0.195629  0.167501  0.128657  0.075835  0.195629  0.000000  0.148058  0.150567  0.135266  0.193291  0.190682  0.189651  0.146900
Psa_obe  0.138678  0.191103  0.203184  0.200291  0.152530  0.149381  0.201707  0.199468  0.159976  0.157150  0.196612  0.196612  0.201707  0.194440  0.200850  0.042648  0.153766  0.157854  0.148117  0.149875  0.148533  0.203184  0.176516  0.156008  0.150886  0.199740  0.148058  0.000000  0.152328  0.160145  0.201997  0.200291  0.193976  0.148176
Rat_nor  0.149875  0.192842  0.200569  0.200569  0.154047  0.152733  0.196862  0.191745  0.161705  0.159640  0.189651  0.192180  0.195388  0.195872  0.198140  0.152395  0.156460  0.157854  0.120105  0.121888  0.121335  0.200569  0.175699  0.156995  0.153211  0.193291  0.150567  0.152328  0.000000  0.161177  0.195149  0.195872  0.191745  0.120868
Sig_his  0.155933  0.191745  0.197367  0.200291  0.151599  0.138325  0.200569  0.196862  0.146957  0.144328  0.193746  0.194440  0.195872  0.192399  0.201133  0.160314  0.141990  0.145453  0.158493  0.157854  0.157150  0.197367  0.175699  0.142385  0.136077  0.200569  0.135266  0.160145  0.161177  0.000000  0.196862  0.196862  0.190682  0.159062
Spe_dau  0.194675  0.186548  0.143342  0.173111  0.193291  0.192620  0.184744  0.182043  0.196117  0.198140  0.154047  0.157933  0.027203  0.189247  0.035961  0.197623  0.196862  0.196363  0.193976  0.193746  0.195872  0.143342  0.187109  0.195149  0.193976  0.182043  0.193291  0.201997  0.195149  0.196862  0.000000  0.107001  0.190266  0.194207
Xer_ina  0.192842  0.189247  0.139945  0.173361  0.193291  0.192842  0.184394  0.182369  0.196612  0.196117  0.151995  0.156460  0.108281  0.191103  0.105387  0.198140  0.193066  0.199468  0.193746  0.195388  0.195388  0.139945  0.188454  0.195629  0.192180  0.182698  0.190682  0.200291  0.195872  0.196862  0.107001  0.000000  0.190266  0.194440
Zap_hud  0.185275  0.136781  0.193291  0.192620  0.187109  0.189449  0.190266  0.188454  0.191962  0.192842  0.183876  0.184569  0.190060  0.139306  0.191103  0.194911  0.191745  0.190266  0.190060  0.188064  0.190060  0.193291  0.180150  0.190473  0.189247  0.190892  0.189651  0.193976  0.191745  0.190682  0.190266  0.190266  0.000000  0.189855
mus_mus  0.147648  0.188259  0.199198  0.200569  0.151403  0.149015  0.193746  0.190892  0.158654  0.156384  0.189247  0.190473  0.193291  0.189247  0.197881  0.149381  0.153280  0.154544  0.041633  0.073882  0.021140  0.199198  0.173111  0.154117  0.148773  0.193518  0.146900  0.148176  0.120868  0.159062  0.194207  0.194440  0.189855  0.000000
